{
    "name": "Station Sigma (5v5 Unshared)",
	"creator": "WPMarshall",
    "version": "1",
    "date": "2016/10/08",
    "description": "(5v5) Designed for UNSHARED teams, Station Sigma challenges teams to evenly distribute their forces and economy in order to contest all channels between poles. Lose one and you run the risk of defeat!",
    "players": [        10],
    "planets": [
        {
            "name": "Station Sigma",
            "mass": 10000,
            "position_x": 25000,
            "position_y": 0,
            "velocity_x": -0.000006181723165354924,
            "velocity_y": 141.42135620117188,
            "required_thrust_to_move": 0,
            "starting_planet": true,
            "respawn": false,
            "start_destroyed": false,
            "min_spawn_delay": 0,
            "max_spawn_delay": 0,
            "planet": {
                "seed": 471934816,
                "radius": 750,
                "heightRange": 0,
                "waterHeight": 0,
                "waterDepth": 0,
                "temperature": 100,
                "metalDensity": 0,
                "metalClusters": 0,
                "metalSpotLimit": -1,
                "biomeScale": 50,
                "biome": "lava",
                "symmetryType": "terrain and CSG",
                "symmetricalMetal": true,
                "symmetricalStarts": false,
                "numArmies": 2,
                "landingZonesPerArmy": 0,
                "landingZoneSize": 90
            },
            "source": {
                "brushes": [
                    {
                        "spec": "/pa/terrain/metal/brushes/metal_stripe_01.json",
                        "weight": [
                            1,
                            1,
                            1,
                            1
                        ],
                        "proj": "BP_None",
                        "op": "BO_Subtract",
                        "transform": [
                            1.4901161193847656e-7,
                            -2.6054018561734796e-14,
                            -47.999996185302734,
                            -810.6383056640625,
                            0.000005245366537565133,
                            30,
                            0,
                            0,
                            -2.499999761581421,
                            4.3711386865652457e-7,
                            -0.00000286102294921875,
                            -0.00004831781188840978
                        ],
                        "scale": [
                            2.5,
                            30,
                            48
                        ],
                        "rotation": 6.2831854820251465,
                        "position": [
                            -750,
                            0,
                            0
                        ],
                        "height": 810.638427734375,
                        "weightHard": false,
                        "weightScale": [
                            1,
                            1,
                            1
                        ],
                        "mirrored": true,
                        "twinId": 0,
                        "flooded": false,
                        "pathable": false,
                        "mergeable": false,
                        "no_features": false
                    },
                    {
                        "spec": "/pa/terrain/metal/brushes/metal_stripe_01.json",
                        "weight": [
                            1,
                            1,
                            1,
                            1
                        ],
                        "proj": "BP_None",
                        "op": "BO_Subtract",
                        "transform": [
                            -1.4901161193847656e-7,
                            1.3027009280867398e-14,
                            47.999996185302734,
                            810.6383056640625,
                            -0.0000026226832687825663,
                            -30,
                            0,
                            0,
                            -2.499999761581421,
                            2.1855693432826229e-7,
                            -0.00000286102294921875,
                            -0.00004831781188840978
                        ],
                        "scale": [
                            2.5,
                            30,
                            48
                        ],
                        "rotation": 3.1415927410125732,
                        "position": [
                            750,
                            0,
                            0
                        ],
                        "height": 810.638427734375,
                        "weightHard": false,
                        "weightScale": [
                            1,
                            1,
                            1
                        ],
                        "mirrored": true,
                        "twinId": 0,
                        "flooded": false,
                        "pathable": false,
                        "mergeable": false,
                        "no_features": false
                    },
                    {
                        "spec": "/pa/terrain/metal/brushes/metal_cap_01_sub.json",
                        "weight": [
                            1,
                            1,
                            1,
                            1
                        ],
                        "proj": "BP_Bend",
                        "op": "BO_Subtract",
                        "transform": [
                            -0.20625156164169312,
                            -0.5876928567886353,
                            0,
                            0,
                            -0.5876928567886353,
                            0.20625156164169312,
                            0,
                            0,
                            0,
                            0,
                            -0.522834300994873,
                            -744.20263671875
                        ],
                        "scale": [
                            0.622834324836731,
                            0.622834324836731,
                            0.522834300994873
                        ],
                        "rotation": 5.049911022186279,
                        "position": [
                            0,
                            0,
                            -750
                        ],
                        "height": 744.20263671875,
                        "weightHard": false,
                        "weightScale": [
                            1,
                            1,
                            1
                        ],
                        "mirrored": false,
                        "twinId": 0,
                        "flooded": false,
                        "pathable": false,
                        "mergeable": false,
                        "no_features": false
                    },
                    {
                        "spec": "/pa/terrain/metal/brushes/metal_cap_01_sub.json",
                        "weight": [
                            1,
                            1,
                            1,
                            1
                        ],
                        "proj": "BP_Bend",
                        "op": "BO_Subtract",
                        "transform": [
                            -0.5232665538787842,
                            -0.33780866861343384,
                            0,
                            0,
                            0.33780866861343384,
                            -0.5232665538787842,
                            0,
                            0,
                            0,
                            0,
                            0.522834300994873,
                            744.20263671875
                        ],
                        "scale": [
                            0.622834324836731,
                            0.622834324836731,
                            0.522834300994873
                        ],
                        "rotation": 8.851518630981445,
                        "position": [
                            0,
                            0,
                            750
                        ],
                        "height": 744.20263671875,
                        "weightHard": false,
                        "weightScale": [
                            1,
                            1,
                            1
                        ],
                        "mirrored": false,
                        "twinId": 0,
                        "flooded": false,
                        "pathable": false,
                        "mergeable": false,
                        "no_features": false
                    },
                    {
                        "spec": "/pa/terrain/metal/brushes/metal_structure_05.json",
                        "weight": [
                            1,
                            1,
                            1,
                            1
                        ],
                        "proj": "BP_Bend",
                        "op": "BO_Add",
                        "transform": [
                            0.6411585211753845,
                            0.32842177152633667,
                            -0.6935811638832092,
                            -521.518310546875,
                            -0.7674084305763245,
                            0.2743915319442749,
                            -0.5794769525527954,
                            -435.720947265625,
                            -5.960464477539063e-8,
                            0.9037966728210449,
                            0.427962064743042,
                            321.793701171875
                        ],
                        "scale": [
                            1,
                            1,
                            1
                        ],
                        "rotation": -0.8747893571853638,
                        "position": [
                            -519.4376220703125,
                            -433.9825439453125,
                            320.509765625
                        ],
                        "height": 751.9210815429688,
                        "weightHard": false,
                        "weightScale": [
                            1,
                            1,
                            1
                        ],
                        "mirrored": false,
                        "twinId": 0,
                        "flooded": false,
                        "pathable": false,
                        "mergeable": false,
                        "no_features": false
                    },
                    {
                        "spec": "/pa/terrain/metal/brushes/metal_structure_05.json",
                        "weight": [
                            1,
                            1,
                            1,
                            1
                        ],
                        "proj": "BP_Bend",
                        "op": "BO_Add",
                        "transform": [
                            0.7646769881248474,
                            0.2757846713066101,
                            -0.5824189782142639,
                            -437.93310546875,
                            -0.6444137692451477,
                            0.3272528052330017,
                            -0.6911124587059021,
                            -519.6620483398438,
                            0,
                            0.9037965536117554,
                            0.42796212434768677,
                            321.7937316894531
                        ],
                        "scale": [
                            1,
                            1,
                            1
                        ],
                        "rotation": -0.7002564072608948,
                        "position": [
                            -436.1859130859375,
                            -517.5887451171875,
                            320.509765625
                        ],
                        "height": 751.9210815429688,
                        "weightHard": false,
                        "weightScale": [
                            1,
                            1,
                            1
                        ],
                        "mirrored": false,
                        "twinId": 0,
                        "flooded": false,
                        "pathable": false,
                        "mergeable": false,
                        "no_features": false
                    },
                    {
                        "spec": "/pa/terrain/metal/brushes/metal_structure_05.json",
                        "weight": [
                            1,
                            1,
                            1,
                            1
                        ],
                        "proj": "BP_Bend",
                        "op": "BO_Add",
                        "transform": [
                            0.8649610877037048,
                            0.21476803719997406,
                            -0.45356032252311707,
                            -341.04156494140625,
                            -0.5018389225006104,
                            0.370170533657074,
                            -0.78174889087677,
                            -587.8134765625,
                            0,
                            0.9037966132164001,
                            0.42796212434768677,
                            321.7937316894531
                        ],
                        "scale": [
                            1,
                            1,
                            1
                        ],
                        "rotation": -0.5257235169410706,
                        "position": [
                            -339.6809387207031,
                            -585.4683227539062,
                            320.509765625
                        ],
                        "height": 751.9210815429688,
                        "weightHard": false,
                        "weightScale": [
                            1,
                            1,
                            1
                        ],
                        "mirrored": false,
                        "twinId": 0,
                        "flooded": false,
                        "pathable": false,
                        "mergeable": false,
                        "no_features": false
                    },
                    {
                        "spec": "/pa/terrain/metal/brushes/metal_structure_05.json",
                        "weight": [
                            1,
                            1,
                            1,
                            1
                        ],
                        "proj": "BP_Bend",
                        "op": "BO_Add",
                        "transform": [
                            0.9389638304710388,
                            0.1472257673740387,
                            -0.31092044711112976,
                            -233.7876434326172,
                            -0.3440159559249878,
                            0.40184086561203003,
                            -0.8486323952674866,
                            -638.1046142578125,
                            -2.9802322387695312e-8,
                            0.9037967324256897,
                            0.4279620051383972,
                            321.79364013671875
                        ],
                        "scale": [
                            1,
                            1,
                            1
                        ],
                        "rotation": -0.35119056701660156,
                        "position": [
                            -232.8549041748047,
                            -635.5587158203125,
                            320.509765625
                        ],
                        "height": 751.9210815429688,
                        "weightHard": false,
                        "weightScale": [
                            1,
                            1,
                            1
                        ],
                        "mirrored": false,
                        "twinId": 0,
                        "flooded": false,
                        "pathable": false,
                        "mergeable": false,
                        "no_features": false
                    },
                    {
                        "spec": "/pa/terrain/metal/brushes/metal_structure_05.json",
                        "weight": [
                            1,
                            1,
                            1,
                            1
                        ],
                        "proj": "BP_Bend",
                        "op": "BO_Add",
                        "transform": [
                            0.984436571598053,
                            0.07521016895771027,
                            -0.15883341431617737,
                            -119.43019104003906,
                            -0.17574021220207214,
                            0.4213014543056488,
                            -0.8897305130958557,
                            -669.0071411132812,
                            -4.470348358154297e-8,
                            0.9037967324256897,
                            0.4279620051383972,
                            321.79364013671875
                        ],
                        "scale": [
                            1,
                            1,
                            1
                        ],
                        "rotation": -0.17665766179561615,
                        "position": [
                            -118.95370483398438,
                            -666.3380126953125,
                            320.509765625
                        ],
                        "height": 751.9210815429688,
                        "weightHard": false,
                        "weightScale": [
                            1,
                            1,
                            1
                        ],
                        "mirrored": false,
                        "twinId": 0,
                        "flooded": false,
                        "pathable": false,
                        "mergeable": false,
                        "no_features": false
                    },
                    {
                        "spec": "/pa/terrain/metal/brushes/metal_structure_05.json",
                        "weight": [
                            1,
                            1,
                            1,
                            1
                        ],
                        "proj": "BP_Bend",
                        "op": "BO_Add",
                        "transform": [
                            0.9999977350234985,
                            0.0009093204280361533,
                            -0.0019202972762286663,
                            -1.4439120292663574,
                            -0.002124713035300374,
                            0.4279611110687256,
                            -0.9037945866584778,
                            -679.5822143554688,
                            -2.60770320892334e-8,
                            0.9037966132164001,
                            0.42796212434768677,
                            321.7937316894531
                        ],
                        "scale": [
                            1,
                            1,
                            1
                        ],
                        "rotation": -0.002124731196090579,
                        "position": [
                            -1.438151240348816,
                            -676.8709106445312,
                            320.509765625
                        ],
                        "height": 751.9210815429688,
                        "weightHard": false,
                        "weightScale": [
                            1,
                            1,
                            1
                        ],
                        "mirrored": false,
                        "twinId": 0,
                        "flooded": false,
                        "pathable": false,
                        "mergeable": false,
                        "no_features": false
                    },
                    {
                        "spec": "/pa/terrain/metal/brushes/metal_structure_05.json",
                        "weight": [
                            1,
                            1,
                            1,
                            1
                        ],
                        "proj": "BP_Bend",
                        "op": "BO_Add",
                        "transform": [
                            0.9851744771003723,
                            -0.07341916114091873,
                            0.15505115687847137,
                            116.58623504638672,
                            0.17155535519123077,
                            0.421617329120636,
                            -0.8903973698616028,
                            -669.508544921875,
                            -1.4901161193847656e-8,
                            0.9037966728210449,
                            0.427962064743042,
                            321.793701171875
                        ],
                        "scale": [
                            1,
                            1,
                            1
                        ],
                        "rotation": 0.17240819334983826,
                        "position": [
                            116.12109375,
                            -666.8374633789062,
                            320.509765625
                        ],
                        "height": 751.9210815429688,
                        "weightHard": false,
                        "weightScale": [
                            1,
                            1,
                            1
                        ],
                        "mirrored": false,
                        "twinId": 0,
                        "flooded": false,
                        "pathable": false,
                        "mergeable": false,
                        "no_features": false
                    },
                    {
                        "spec": "/pa/terrain/metal/brushes/metal_structure_05.json",
                        "weight": [
                            1,
                            1,
                            1,
                            1
                        ],
                        "proj": "BP_Bend",
                        "op": "BO_Add",
                        "transform": [
                            0.9404171705245972,
                            -0.1455167979001999,
                            0.307311475276947,
                            231.073974609375,
                            0.3400228023529053,
                            0.4024629294872284,
                            -0.8499459028244019,
                            -639.0922241210938,
                            -5.960464477539063e-8,
                            0.9037966728210449,
                            0.427962064743042,
                            321.793701171875
                        ],
                        "scale": [
                            1,
                            1,
                            1
                        ],
                        "rotation": 0.34694111347198486,
                        "position": [
                            230.15206909179688,
                            -636.54248046875,
                            320.509765625
                        ],
                        "height": 751.9210815429688,
                        "weightHard": false,
                        "weightScale": [
                            1,
                            1,
                            1
                        ],
                        "mirrored": false,
                        "twinId": 0,
                        "flooded": false,
                        "pathable": false,
                        "mergeable": false,
                        "no_features": false
                    },
                    {
                        "spec": "/pa/terrain/metal/brushes/metal_structure_05.json",
                        "weight": [
                            1,
                            1,
                            1,
                            1
                        ],
                        "proj": "BP_Bend",
                        "op": "BO_Add",
                        "transform": [
                            0.8670858144760132,
                            -0.21319305896759033,
                            0.4502342641353607,
                            338.5406494140625,
                            0.4981588125228882,
                            0.37107983231544495,
                            -0.7836692333221436,
                            -589.2574462890625,
                            0,
                            0.9037966132164001,
                            0.427962064743042,
                            321.793701171875
                        ],
                        "scale": [
                            1,
                            1,
                            1
                        ],
                        "rotation": 0.5214740633964539,
                        "position": [
                            337.1899719238281,
                            -586.906494140625,
                            320.509765625
                        ],
                        "height": 751.9210815429688,
                        "weightHard": false,
                        "weightScale": [
                            1,
                            1,
                            1
                        ],
                        "mirrored": false,
                        "twinId": 0,
                        "flooded": false,
                        "pathable": false,
                        "mergeable": false,
                        "no_features": false
                    },
                    {
                        "spec": "/pa/terrain/metal/brushes/metal_structure_05.json",
                        "weight": [
                            1,
                            1,
                            1,
                            1
                        ],
                        "proj": "BP_Bend",
                        "op": "BO_Add",
                        "transform": [
                            0.7674084305763245,
                            -0.2743915319442749,
                            0.5794769525527954,
                            435.720947265625,
                            0.6411585211753845,
                            0.32842177152633667,
                            -0.6935811638832092,
                            -521.518310546875,
                            -5.960464477539063e-8,
                            0.9037966728210449,
                            0.427962064743042,
                            321.793701171875
                        ],
                        "scale": [
                            1,
                            1,
                            1
                        ],
                        "rotation": 0.6960069537162781,
                        "position": [
                            433.9825439453125,
                            -519.4376220703125,
                            320.509765625
                        ],
                        "height": 751.9210815429688,
                        "weightHard": false,
                        "weightScale": [
                            1,
                            1,
                            1
                        ],
                        "mirrored": false,
                        "twinId": 0,
                        "flooded": false,
                        "pathable": false,
                        "mergeable": false,
                        "no_features": false
                    },
                    {
                        "spec": "/pa/terrain/metal/brushes/metal_structure_05.json",
                        "weight": [
                            1,
                            1,
                            1,
                            1
                        ],
                        "proj": "BP_Bend",
                        "op": "BO_Add",
                        "transform": [
                            0.6444137692451477,
                            -0.3272528052330017,
                            0.6911124587059021,
                            519.6620483398438,
                            0.7646769881248474,
                            0.2757846713066101,
                            -0.5824189782142639,
                            -437.93310546875,
                            0,
                            0.9037965536117554,
                            0.42796212434768677,
                            321.7937316894531
                        ],
                        "scale": [
                            1,
                            1,
                            1
                        ],
                        "rotation": 0.8705399036407471,
                        "position": [
                            517.5887451171875,
                            -436.1859130859375,
                            320.509765625
                        ],
                        "height": 751.9210815429688,
                        "weightHard": false,
                        "weightScale": [
                            1,
                            1,
                            1
                        ],
                        "mirrored": false,
                        "twinId": 0,
                        "flooded": false,
                        "pathable": false,
                        "mergeable": false,
                        "no_features": false
                    },
                    {
                        "spec": "/pa/terrain/metal/brushes/metal_structure_05.json",
                        "weight": [
                            1,
                            1,
                            1,
                            1
                        ],
                        "proj": "BP_Bend",
                        "op": "BO_Add",
                        "transform": [
                            0.5018389225006104,
                            -0.370170533657074,
                            0.78174889087677,
                            587.8134765625,
                            0.8649611473083496,
                            0.21476806700229645,
                            -0.45356032252311707,
                            -341.04156494140625,
                            -5.960464477539063e-8,
                            0.9037966728210449,
                            0.42796212434768677,
                            321.7937316894531
                        ],
                        "scale": [
                            1,
                            1,
                            1
                        ],
                        "rotation": 1.0450727939605713,
                        "position": [
                            585.4683227539062,
                            -339.6809387207031,
                            320.509765625
                        ],
                        "height": 751.9210815429688,
                        "weightHard": false,
                        "weightScale": [
                            1,
                            1,
                            1
                        ],
                        "mirrored": false,
                        "twinId": 0,
                        "flooded": false,
                        "pathable": false,
                        "mergeable": false,
                        "no_features": false
                    },
                    {
                        "spec": "/pa/terrain/metal/brushes/metal_structure_05.json",
                        "weight": [
                            1,
                            1,
                            1,
                            1
                        ],
                        "proj": "BP_Bend",
                        "op": "BO_Add",
                        "transform": [
                            0.344015896320343,
                            -0.40184086561203003,
                            0.8486323952674866,
                            638.1046142578125,
                            0.9389638304710388,
                            0.14722570776939392,
                            -0.31092044711112976,
                            -233.7876434326172,
                            0,
                            0.9037966728210449,
                            0.4279620051383972,
                            321.79364013671875
                        ],
                        "scale": [
                            1,
                            1,
                            1
                        ],
                        "rotation": 1.219605803489685,
                        "position": [
                            635.5587158203125,
                            -232.8549041748047,
                            320.509765625
                        ],
                        "height": 751.9210815429688,
                        "weightHard": false,
                        "weightScale": [
                            1,
                            1,
                            1
                        ],
                        "mirrored": false,
                        "twinId": 0,
                        "flooded": false,
                        "pathable": false,
                        "mergeable": false,
                        "no_features": false
                    },
                    {
                        "spec": "/pa/terrain/metal/brushes/metal_structure_05.json",
                        "weight": [
                            1,
                            1,
                            1,
                            1
                        ],
                        "proj": "BP_Bend",
                        "op": "BO_Add",
                        "transform": [
                            0.17574021220207214,
                            -0.4213014543056488,
                            0.8897305130958557,
                            669.0071411132812,
                            0.984436571598053,
                            0.07521013915538788,
                            -0.15883341431617737,
                            -119.43019104003906,
                            -1.4901161193847656e-8,
                            0.9037966728210449,
                            0.4279620051383972,
                            321.79364013671875
                        ],
                        "scale": [
                            1,
                            1,
                            1
                        ],
                        "rotation": 1.3941386938095093,
                        "position": [
                            666.3380126953125,
                            -118.95370483398438,
                            320.509765625
                        ],
                        "height": 751.9210815429688,
                        "weightHard": false,
                        "weightScale": [
                            1,
                            1,
                            1
                        ],
                        "mirrored": false,
                        "twinId": 0,
                        "flooded": false,
                        "pathable": false,
                        "mergeable": false,
                        "no_features": false
                    },
                    {
                        "spec": "/pa/terrain/metal/brushes/metal_structure_05.json",
                        "weight": [
                            1,
                            1,
                            1,
                            1
                        ],
                        "proj": "BP_Bend",
                        "op": "BO_Add",
                        "transform": [
                            0.0021247179247438908,
                            -0.4279611110687256,
                            0.9037945866584778,
                            679.5822143554688,
                            0.9999977350234985,
                            0.0009093318367376924,
                            -0.0019202972762286663,
                            -1.4439120292663574,
                            -3.64379957318306e-8,
                            0.9037966132164001,
                            0.42796212434768677,
                            321.7937316894531
                        ],
                        "scale": [
                            1,
                            1,
                            1
                        ],
                        "rotation": 1.5686715841293335,
                        "position": [
                            676.8709106445312,
                            -1.438151240348816,
                            320.509765625
                        ],
                        "height": 751.9210815429688,
                        "weightHard": false,
                        "weightScale": [
                            1,
                            1,
                            1
                        ],
                        "mirrored": false,
                        "twinId": 0,
                        "flooded": false,
                        "pathable": false,
                        "mergeable": false,
                        "no_features": false
                    },
                    {
                        "spec": "/pa/terrain/metal/brushes/metal_structure_05.json",
                        "weight": [
                            1,
                            1,
                            1,
                            1
                        ],
                        "proj": "BP_Bend",
                        "op": "BO_Add",
                        "transform": [
                            -0.17155534029006958,
                            -0.421617329120636,
                            0.8903973698616028,
                            669.508544921875,
                            0.9851744771003723,
                            -0.07341911643743515,
                            0.15505115687847137,
                            116.58623504638672,
                            -5.960464477539063e-8,
                            0.9037966132164001,
                            0.427962064743042,
                            321.793701171875
                        ],
                        "scale": [
                            1,
                            1,
                            1
                        ],
                        "rotation": 1.7432044744491577,
                        "position": [
                            666.8374633789062,
                            116.12109375,
                            320.509765625
                        ],
