{
    "name": "Geography Palette (No Projection) [READ DESCRIPTION]",
	"creator": "WPMarshall",
    "version": "1.1",
	"date": "2020/07/25",
	"description": "Requires 'Hidden Biomes'. Save this as a TEMPLATE. Then place the planet in another system and copy-paste CSG across using CSG_Edit mode within ADVANCED EDIT",
    "planets": [
        {
            "name": "Palette Planet (NoProjection)",
            "mass": 35000,
            "position_x": 27500,
            "position_y": 100,
            "velocity_x": -0.49032822251319885,
            "velocity_y": 134.83863830566406,
            "required_thrust_to_move": 0,
            "starting_planet": true,
            "respawn": false,
            "start_destroyed": false,
            "min_spawn_delay": 0,
            "max_spawn_delay": 0,
            "planetCSG": [
                {
                    "proj": "BP_None",
                    "spec": "/pa/terrain/ice/brushes/ice_cliff_01.json",
                    "height": 999.932373046875,
                    "op": "BO_Add",
                    "position": [
                        685.731201171875,
                        645.478515625,
                        336.1472473144531
                    ],
                    "transform": [
                        0.6480305194854736,
                        -0.33130866289138794,
                        0.6857776641845703,
                        685.7312622070312,
                        -0.33130866289138794,
                        0.6881393194198608,
                        0.6455222368240356,
                        645.4785766601562,
                        -0.6857776641845703,
                        -0.6455222368240356,
                        0.3361698389053345,
                        336.1470947265625
                    ],
                    "scale": [
                        1,
                        1,
                        1
                    ],
                    "rotation": 0,
                    "weight": [
                        1,
                        1,
                        1,
                        1
                    ],
                    "weightHard": true,
                    "weightScale": [
                        1,
                        1,
                        1
                    ],
                    "mirrored": false,
                    "twinId": 0,
                    "pathable": false,
                    "flooded": false,
                    "mergeable": false,
                    "no_features": false
                },
                {
                    "proj": "BP_None",
                    "spec": "/pa/terrain/ice/brushes/ice_cliff_02.json",
                    "height": 999.9234008789062,
                    "op": "BO_Add",
                    "position": [
                        667.2601318359375,
                        661.4388427734375,
                        342.21234130859375
                    ],
                    "transform": [
                        0.668237566947937,
                        -0.3288681209087372,
                        0.6673113107681274,
                        667.2601928710938,
                        -0.3288681209087372,
                        0.6740009784698486,
                        0.6614896655082703,
                        661.4390258789062,
                        -0.6673113107681274,
                        -0.6614896655082703,
                        0.34223854541778564,
                        342.21234130859375
                    ],
                    "scale": [
                        1,
                        1,
                        1
                    ],
                    "rotation": 0,
                    "weight": [
                        1,
                        1,
                        1,
                        1
                    ],
                    "weightHard": true,
                    "weightScale": [
                        1,
                        1,
                        1
                    ],
                    "mirrored": false,
                    "twinId": 0,
                    "pathable": false,
                    "flooded": false,
                    "mergeable": false,
                    "no_features": false
                },
                {
                    "proj": "BP_None",
                    "spec": "/pa/terrain/ice/brushes/ice_cliff_03.json",
                    "height": 999.9305419921875,
                    "op": "BO_Add",
                    "position": [
                        626.5843505859375,
                        686.2938232421875,
                        369.12603759765625
                    ],
                    "transform": [
                        0.713207483291626,
                        -0.3141219913959503,
                        0.6266278028488159,
                        626.5842895507812,
                        -0.3141219913959503,
                        0.6559442281723022,
                        0.686341404914856,
                        686.2937622070312,
                        -0.6266278028488159,
                        -0.686341404914856,
                        0.3691517114639282,
                        369.1260681152344
                    ],
                    "scale": [
                        1,
                        1,
                        1
                    ],
                    "rotation": 0,
                    "weight": [
                        1,
                        1,
                        1,
                        1
                    ],
                    "weightHard": true,
                    "weightScale": [
                        1,
                        1,
                        1
                    ],
                    "mirrored": false,
                    "twinId": 0,
                    "pathable": false,
                    "flooded": false,
                    "mergeable": false,
                    "no_features": false
                },
                {
                    "proj": "BP_None",
                    "spec": "/pa/terrain/ice/brushes/ice_cliff_04.json",
                    "height": 999.9176635742188,
                    "op": "BO_Add",
                    "position": [
                        581.658447265625,
                        705.9503173828125,
                        403.90966796875
                    ],
                    "transform": [
                        0.7589771747589111,
                        -0.2925258278846741,
                        0.5817063450813293,
                        581.658447265625,
                        -0.2925258278846741,
                        0.6449657082557678,
                        0.7060084342956543,
                        705.9503173828125,
                        -0.5817063450813293,
                        -0.7060084342956543,
                        0.40394288301467896,
                        403.9096374511719
                    ],
                    "scale": [
                        1,
                        1,
                        1
                    ],
                    "rotation": 0,
                    "weight": [
                        1,
                        1,
                        1,
                        1
                    ],
                    "weightHard": true,
                    "weightScale": [
                        1,
                        1,
                        1
                    ],
                    "mirrored": false,
                    "twinId": 0,
                    "pathable": false,
                    "flooded": false,
                    "mergeable": false,
                    "no_features": false
                },
                {
                    "proj": "BP_None",
                    "spec": "/pa/terrain/ice/brushes/ice_cliff_05.json",
                    "height": 999.9241333007812,
                    "op": "BO_Add",
                    "position": [
                        533.3104248046875,
                        723.4412841796875,
                        438.2477111816406
                    ],
                    "transform": [
                        0.8022200465202332,
                        -0.26829057931900024,
                        0.5333508253097534,
                        533.3103637695312,
                        -0.26829057931900024,
                        0.6360609531402588,
                        0.7234960198402405,
                        723.4411010742188,
                        -0.5333508253097534,
                        -0.7234960198402405,
                        0.4382810592651367,
                        438.247802734375
                    ],
                    "scale": [
                        1,
                        1,
                        1
                    ],
                    "rotation": 0,
                    "weight": [
                        1,
                        1,
                        1,
                        1
                    ],
                    "weightHard": true,
                    "weightScale": [
                        1,
                        1,
                        1
                    ],
                    "mirrored": false,
                    "twinId": 0,
                    "pathable": false,
                    "flooded": false,
                    "mergeable": false,
                    "no_features": false
                },
                {
                    "proj": "BP_None",
                    "spec": "/pa/terrain/ice/brushes/ice_cliff_06.json",
                    "height": 999.9395751953125,
                    "op": "BO_Add",
                    "position": [
                        487.9896240234375,
                        736.4713134765625,
                        468.353759765625
                    ],
                    "transform": [
                        0.8378061056137085,
                        -0.2447821944952011,
                        0.48801910877227783,
                        487.9896240234375,
                        -0.2447821944952011,
                        0.6305760145187378,
                        0.7365158200263977,
                        736.4713134765625,
                        -0.48801910877227783,
                        -0.7365158200263977,
                        0.4683821201324463,
                        468.35382080078125
                    ],
                    "scale": [
                        1,
                        1,
                        1
                    ],
                    "rotation": 0,
                    "weight": [
                        1,
                        1,
                        1,
                        1
                    ],
                    "weightHard": true,
                    "weightScale": [
                        1,
                        1,
                        1
                    ],
                    "mirrored": false,
                    "twinId": 0,
                    "pathable": false,
                    "flooded": false,
                    "mergeable": false,
                    "no_features": false
                },
                {
                    "proj": "BP_None",
                    "spec": "/pa/terrain/ice/brushes/ice_cliff_07.json",
                    "height": 999.928955078125,
                    "op": "BO_Add",
                    "position": [
                        430.144775390625,
                        763.6043701171875,
                        481.3956604003906
                    ],
                    "transform": [
                        0.8750863671302795,
                        -0.22175000607967377,
                        0.4301753044128418,
                        430.1447448730469,
                        -0.22175000607967377,
                        0.6063435077667236,
                        0.7636585235595703,
                        763.604248046875,
                        -0.4301753044128418,
                        -0.7636585235595703,
                        0.4814298748970032,
                        481.3956604003906
                    ],
                    "scale": [
                        1,
                        1,
                        1
                    ],
                    "rotation": 0,
                    "weight": [
                        1,
                        1,
                        1,
                        1
                    ],
                    "weightHard": true,
                    "weightScale": [
                        1,
                        1,
                        1
                    ],
                    "mirrored": false,
                    "twinId": 0,
                    "pathable": false,
                    "flooded": false,
                    "mergeable": false,
                    "no_features": false
                },
                {
                    "proj": "BP_None",
                    "spec": "/pa/terrain/ice/brushes/ice_cliff_08.json",
                    "height": 999.8880615234375,
                    "op": "BO_Add",
                    "position": [
                        356.0115966796875,
                        783.744384765625,
                        508.7008972167969
                    ],
                    "transform": [
                        0.4077492356300354,
                        -0.8408138751983643,
                        0.35605141520500183,
                        356.0115661621094,
                        0.35955604910850525,
                        0.5062870979309082,
                        0.7838320732116699,
                        783.7443237304688,
                        -0.8393211364746094,
                        -0.1915864646434784,
                        0.5087579488754272,
                        508.70098876953125
                    ],
                    "scale": [
                        1,
                        1,
                        1
                    ],
                    "rotation": 0.9199996590614319,
                    "weight": [
                        1,
                        1,
                        1,
                        1
                    ],
                    "weightHard": true,
                    "weightScale": [
                        1,
                        1,
                        1
                    ],
                    "mirrored": false,
                    "twinId": 0,
                    "pathable": false,
                    "flooded": false,
                    "mergeable": false,
                    "no_features": false
                },
                {
                    "proj": "BP_None",
                    "spec": "/pa/terrain/ice/brushes/ice_cliff_09.json",
                    "height": 999.9169921875,
                    "op": "BO_Add",
                    "position": [
                        283.22021484375,
                        814.019775390625,
                        506.94390869140625
                    ],
                    "transform": [
                        0.946763277053833,
                        -0.15301084518432617,
                        0.2832437753677368,
                        283.22027587890625,
                        -0.15301084518432617,
                        0.5602226257324219,
                        0.8140875101089478,
                        814.0199584960938,
                        -0.2832437753677368,
                        -0.8140875101089478,
                        0.5069858431816101,
                        506.9437561035156
                    ],
                    "scale": [
                        1,
                        1,
                        1
                    ],
                    "rotation": 0,
                    "weight": [
                        1,
                        1,
                        1,
                        1
                    ],
                    "weightHard": true,
                    "weightScale": [
                        1,
                        1,
                        1
                    ],
                    "mirrored": false,
                    "twinId": 0,
                    "pathable": false,
                    "flooded": false,
                    "mergeable": false,
                    "no_features": false
                },
                {
                    "proj": "BP_None",
                    "spec": "/pa/terrain/ice/brushes/ice_cliff_10.json",
                    "height": 999.8889770507812,
                    "op": "BO_Add",
                    "position": [
                        286.3858642578125,
                        850.7662353515625,
                        440.406494140625
                    ],
                    "transform": [
                        0.9430491924285889,
                        -0.1691836416721344,
                        0.2864176332950592,
                        286.3858337402344,
                        -0.1691836416721344,
                        0.49740636348724365,
                        0.8508605360984802,
                        850.7660522460938,
                        -0.2864176332950592,
                        -0.8508605360984802,
                        0.4404555559158325,
                        440.4066467285156
                    ],
                    "scale": [
                        1,
                        1,
                        1
                    ],
                    "rotation": 0,
                    "weight": [
                        1,
                        1,
                        1,
                        1
                    ],
                    "weightHard": true,
                    "weightScale": [
                        1,
                        1,
                        1
                    ],
                    "mirrored": false,
                    "twinId": 0,
                    "pathable": false,
                    "flooded": false,
                    "mergeable": false,
                    "no_features": false
                },
                {
                    "proj": "BP_None",
                    "spec": "/pa/terrain/ice/brushes/ice_cliff_11.json",
                    "height": 999.9058227539062,
                    "op": "BO_Add",
                    "position": [
                        300.208740234375,
                        886.1937255859375,
                        352.6287841796875
                    ],
                    "transform": [
                        0.9333593845367432,
                        -0.1967182159423828,
                        0.3002370297908783,
                        300.208740234375,
                        -0.1967182159423828,
                        0.4193025231361389,
                        0.8862773180007935,
                        886.19384765625,
                        -0.3002370297908783,
                        -0.8862773180007935,
                        0.3526618480682373,
                        352.6286315917969
                    ],
                    "scale": [
                        1,
                        1,
                        1
                    ],
                    "rotation": 0,
                    "weight": [
                        1,
                        1,
                        1,
                        1
                    ],
                    "weightHard": true,
                    "weightScale": [
                        1,
                        1,
                        1
                    ],
                    "mirrored": false,
                    "twinId": 0,
                    "pathable": false,
                    "flooded": false,
                    "mergeable": false,
                    "no_features": false
                },
                {
                    "proj": "BP_None",
                    "spec": "/pa/terrain/ice/brushes/ice_crack_01.json",
                    "height": 999.932373046875,
                    "op": "BO_Subtract",
                    "position": [
                        537.005859375,
                        779.410888671875,
                        322.5029602050781
                    ],
                    "transform": [
                        -0.22156372666358948,
                        -0.5473452210426331,
                        0.3759296238422394,
                        537.0057983398438,
                        0.37842243909835815,
                        0.2215636819601059,
                        0.5456246733665466,
                        779.410888671875,
                        -0.5456247329711914,
                        0.37592968344688416,
                        0.22576741874217987,
                        322.5029602050781
                    ],
                    "scale": [
                        0.7000002861022949,
                        0.7000002861022949,
                        0.7000002861022949
                    ],
                    "rotation": 1.5707963705062866,
                    "weight": [
                        1,
                        1,
                        1,
                        1
                    ],
                    "weightHard": true,
                    "weightScale": [
                        1,
                        1,
                        1
                    ],
                    "mirrored": false,
                    "twinId": 0,
                    "pathable": false,
                    "flooded": false,
                    "mergeable": false,
                    "no_features": true
                },
                {
                    "proj": "BP_None",
                    "spec": "/pa/terrain/ice/brushes/ice_crack_02.json",
                    "height": 999.903076171875,
                    "op": "BO_Subtract",
                    "position": [
                        596.18212890625,
                        795.853271484375,
                        104.83590698242188
                    ],
                    "transform": [
                        -0.4295308589935303,
                        -0.6782338619232178,
                        0.5962398648262024,
                        596.18212890625,
                        0.42661234736442566,
                        0.4295307993888855,
                        0.7959303259849548,
                        795.853271484375,
                        -0.7959303855895996,
                        0.5962399840354919,
                        0.10484623163938522,
                        104.83607482910156
                    ],
                    "scale": [
                        1,
                        1,
                        1
                    ],
                    "rotation": 1.5707963705062866,
                    "weight": [
                        1,
                        1,
                        1,
                        1
                    ],
                    "weightHard": true,
                    "weightScale": [
                        1,
                        1,
                        1
                    ],
                    "mirrored": false,
                    "twinId": 0,
                    "pathable": false,
                    "flooded": false,
                    "mergeable": false,
                    "no_features": true
                },
                {
                    "proj": "BP_None",
                    "spec": "/pa/terrain/mountain/brushes/mountain_mountain_01.json",
                    "height": 999.87451171875,
                    "op": "BO_Add",
                    "position": [
                        -575.4691772460938,
                        739.9886474609375,
                        347.85198974609375
                    ],
                    "transform": [
                        0.7542480826377869,
                        0.3160093426704407,
                        -0.5755414366722107,
                        -575.46923828125,
                        0.3160093426704407,
                        0.5936475396156311,
                        0.7400816082954407,
                        739.9887084960938,
                        0.5755414366722107,
                        -0.7400816082954407,
                        0.34789562225341797,
                        347.8519592285156
                    ],
                    "scale": [
                        1,
                        1,
                        1
                    ],
                    "rotation": 0,
                    "weight": [
                        1,
                        1,
                        1,
                        1
                    ],
                    "weightHard": true,
                    "weightScale": [
                        1,
                        1,
                        1
                    ],
                    "mirrored": false,
                    "twinId": 0,
                    "pathable": false,
                    "flooded": false,
                    "mergeable": false,
                    "no_features": true
                },
                {
                    "proj": "BP_None",
                    "spec": "/pa/terrain/mountain/brushes/mountain_mountain_02.json",
                    "height": 999.8931274414062,
                    "op": "BO_Add",
                    "position": [
                        -663.044921875,
                        681.1130981445312,
                        310.23004150390625
                    ],
                    "transform": [
                        0.6644012928009033,
                        0.34474384784698486,
                        -0.6631158590316772,
                        -663.0449829101562,
                        0.34474384784698486,
                        0.645861804485321,
                        0.6811859011650085,
                        681.1130981445312,
                        0.6631158590316772,
                        -0.6811859011650085,
                        0.31026309728622437,
                        310.2299499511719
                    ],
                    "scale": [
                        1,
                        1,
                        1
                    ],
                    "rotation": 0,
                    "weight": [
                        1,
                        1,
                        1,
                        1
                    ],
                    "weightHard": true,
                    "weightScale": [
                        1,
                        1,
                        1
                    ],
                    "mirrored": false,
                    "twinId": 0,
                    "pathable": false,
                    "flooded": false,
                    "mergeable": false,
                    "no_features": true
                },
                {
                    "proj": "BP_None",
                    "spec": "/pa/terrain/mountain/brushes/mountain_mountain_03.json",
                    "height": 999.8632202148438,
                    "op": "BO_Add",
                    "position": [
                        -712.6255493164062,
                        632.9835815429688,
                        302.0316467285156
                    ],
                    "transform": [
                        0.6098728179931641,
                        0.3465271294116974,
                        -0.7127229571342468,
                        -712.62548828125,
                        0.3465271294116974,
                        0.692200243473053,
                        0.6330700516700745,
                        632.9834594726562,
                        0.7127229571342468,
                        -0.6330700516700745,
                        0.30207306146621704,
                        302.03173828125
                    ],
                    "scale": [
                        1,
                        1,
                        1
                    ],
                    "rotation": 0,
                    "weight": [
                        1,
                        1,
                        1,
                        1
                    ],
                    "weightHard": true,
                    "weightScale": [
                        1,
                        1,
                        1
                    ],
                    "mirrored": false,
                    "twinId": 0,
                    "pathable": false,
                    "flooded": false,
                    "mergeable": false,
                    "no_features": true
                },
                {
                    "proj": "BP_None",
                    "spec": "/pa/terrain/mountain/brushes/mountain_mountain_04.json",
                    "height": 999.8494873046875,
                    "op": "BO_Add",
                    "position": [
                        -758.8348388671875,
                        580.5126953125,
                        294.7432861328125
                    ],
                    "transform": [
                        0.555136501789093,
                        0.34032294154167175,
                        -0.7589491605758667,
                        -758.8348999023438,
                        0.34032294154167175,
                        0.7396511435508728,
                        0.5806001424789429,
                        580.5127563476562,
                        0.7589491605758667,
                        -0.5806001424789429,
                        0.2947876453399658,
                        294.7432861328125
                    ],
                    "scale": [
                        1,
                        1,
                        1
                    ],
                    "rotation": 0,
                    "weight": [
                        1,
                        1,
                        1,
                        1
                    ],
                    "weightHard": true,
                    "weightScale": [
                        1,
                        1,
                        1
                    ],
                    "mirrored": false,
                    "twinId": 0,
                    "pathable": false,
                    "flooded": false,
                    "mergeable": false,
                    "no_features": true
                },
                {
                    "proj": "BP_None",
                    "spec": "/pa/terrain/mountain/brushes/mountain_mountain_05.json",
                    "height": 999.907958984375,
                    "op": "BO_Add",
                    "position": [
                        -809.8096313476562,
                        505.2562255859375,
                        297.8931884765625
                    ],
                    "transform": [
                        0.4946436285972595,
                        0.3153018355369568,
                        -0.8098843097686768,
                        -809.8097534179688,
                        0.3153018355369568,
                        0.8032769560813904,
                        0.5053028464317322,
                        505.25634765625,
                        0.8098843097686768,
                        -0.5053028464317322,
                        0.2979205846786499,
                        297.8931579589844
                    ],
                    "scale": [
                        1,
                        1,
                        1
                    ],
                    "rotation": 0,
                    "weight": [
                        1,
                        1,
                        1,
                        1
                    ],
                    "weightHard": true,
                    "weightScale": [
                        1,
                        1,
                        1
                    ],
                    "mirrored": false,
                    "twinId": 0,
                    "pathable": false,
                    "flooded": false,
                    "mergeable": false,
                    "no_features": true
                },
                {
                    "proj": "BP_None",
                    "spec": "/pa/terrain/mountain/brushes/mountain_mountain_06.json",
                    "height": 999.9033813476562,
                    "op": "BO_Add",
                    "position": [
                        -866.758544921875,
                        406.37738037109375,
                        288.77996826171875
                    ],
                    "transform": [
                        0.4169684648513794,
                        0.2733527421951294,
                        -0.8668423295021057,
                        -866.7586059570312,
                        0.2733527421951294,
                        0.8718392848968506,
                        0.406416654586792,
                        406.37738037109375,
                        0.8668423295021057,
                        -0.406416654586792,
                        0.28880774974823,
                        288.77984619140625
                    ],
                    "scale": [
                        1,
                        1,
                        1
                    ],
                    "rotation": 0,
                    "weight": [
                        1,
                        1,
                        1,
                        1
                    ],
                    "weightHard": true,
                    "weightScale": [
                        1,
                        1,
                        1
                    ],
                    "mirrored": false,
                    "twinId": 0,
                    "pathable": false,
                    "flooded": false,
                    "mergeable": false,
                    "no_features": true
                },
                {
                    "proj": "BP_None",
                    "spec": "/pa/terrain/mountain/brushes/mountain_mountain_07.json",
                    "height": 999.9186401367188,
                    "op": "BO_Add",
                    "position": [
                        -900.626953125,
                        309.002685546875,
                        305.328857421875
                    ],
                    "transform": [
                        0.37851256132125854,
                        0.2132306843996048,
                        -0.9007002711296082,
                        -900.6270141601562,
                        0.2132306843996048,
                        0.926841139793396,
                        0.30902788043022156,
                        309.00274658203125,
                        0.9007002711296082,
                        -0.30902788043022156,
                        0.30535370111465454,
                        305.328857421875
                    ],
                    "scale": [
                        1,
                        1,
                        1
                    ],
                    "rotation": 0,
                    "weight": [
                        1,
                        1,
                        1,
                        1
                    ],
                    "weightHard": true,
                    "weightScale": [
                        1,
                        1,
                        1
                    ],
                    "mirrored": false,
                    "twinId": 0,
                    "pathable": false,
                    "flooded": false,
                    "mergeable": false,
                    "no_features": true
                },
                {
                    "proj": "BP_None",
                    "spec": "/pa/terrain/mountain/brushes/mountain_plateau_02.json",
                    "height": 999.8945922851562,
                    "op": "BO_Add",
                    "position": [
                        -957.0549926757812,
                        158.9329833984375,
                        242.02334594726562
                    ],
                    "transform": [
                        0.26239025592803955,
                        0.12249088287353516,
                        -0.9571558237075806,
                        -957.054931640625,
                        0.12249088287353516,
                        0.9796586036682129,
                        0.15894973278045654,
                        158.9329833984375,
                        0.9571558237075806,
                        -0.15894973278045654,
                        0.24204885959625244,
                        242.02334594726562
                    ],
                    "scale": [
                        1,
                        1,
                        1
                    ],
                    "rotation": 0,
                    "weight": [
                        1,
                        1,
                        1,
                        1
                    ],
                    "weightHard": true,
                    "weightScale": [
                        1,
                        1,
                        1
                    ],
                    "mirrored": false,
                    "twinId": 0,
                    "pathable": false,
                    "flooded": false,
                    "mergeable": false,
                    "no_features": false
                },
                {
                    "proj": "BP_None",
                    "spec": "/pa/terrain/mountain/brushes/mountain_plateau_03.json",
                    "height": 999.9252319335938,
                    "op": "BO_Add",
                    "position": [
                        -912.538330078125,
                        226.40135192871094,
                        340.3919982910156
                    ],
                    "transform": [
                        0.3534471392631531,
                        0.20548567175865173,
                        -0.9126065969467163,
                        -912.5383911132812,
                        0.01843966543674469,
                        0.9738556146621704,
                        0.22641828656196594,
                        226.40135192871094,
                        0.935272753238678,
                        -0.0968550592660904,
                        0.34041738510131836,
                        340.3919372558594
                    ],
                    "scale": [
                        1,
                        1,
                        1
                    ],
                    "rotation": -0.13999998569488525,
                    "weight": [
                        1,
                        1,
                        1,
                        1
                    ],
                    "weightHard": true,
                    "weightScale": [
                        1,
                        1,
                        1
                    ],
                    "mirrored": false,
                    "twinId": 0,
                    "pathable": false,
                    "flooded": false,
                    "mergeable": false,
                    "no_features": false
                },
                {
                    "proj": "BP_None",
                    "spec": "/pa/terrain/mountain/brushes/mountain_plateau_04.json",
                    "height": 999.8992309570312,
                    "op": "BO_Add",
                    "position": [
                        -930.621826171875,
                        181.61227416992188,
                        317.4246826171875
                    ],
                    "transform": [
                        0.3424972891807556,
                        0.12831266224384308,
